-46.72610347851505	54.2092955276235	-52.3384975153464
-46.71148786904414	54.64776381175095	-52.1631102016954
-46.30225080385852	54.296989184449	-48.84536685179772
-46.25840397544578	55.33469745688395	-51.929260450160776
-46.039169833382054	57.073954983922825	-52.32388190587548
-46.37532885121309	56.401636948260744	-51.05232388190587
-46.638409821689564	56.88395206080094	-51.2715580239696
-46.72610347851505	57.08857059339374	-50.51154633148202
-46.565331774334986	56.927798889213676	-49.415375621163406
-47.047646886875185	57.351651563870206	-49.48845366851798
-46.4776381175095	56.86933645133002	-50.23384975153464
-46.667641040631395	57.20549546916106	-50.38000584624379
-45.67377959660918	56.79625840397544	-50.613855597778425
-45.80532008184741	55.37854428529669	-51.05232388190587
-46.15609470914937	53.610055539315994	-52.016954106986255
-45.308389359836305	52.26541946799181	-52.2508038585209
-45.2060800935399	51.94387605963169	-53.04004676995031
-45.162233265127156	50.058462437883655	-54.516223326512716
-44.03683133586671	49.19614147909968	-55.40777550423853
-43.51066939491377	47.14995615317159	-57.629348143817595
-42.88219818766443	45.586085939783686	-57.08857059339374
-41.581408944752994	43.4375913475592	-58.009353990061385
-40.44139140602163	42.414498684595145	-58.462437883659746
-39.228295819935695	41.566793335282085	-59.63168664133295
-37.62057877813505	39.21368021046477	-60.18707980122772
-36.42209880152002	37.5767319497223	-60.12861736334405
-35.63285589009062	36.04209295527623	-60.654779304296994
-34.81438175971938	34.492838351359254	-61.487869044139146
-33.13358667056416	33.893598363051744	-61.005553931598946
-30.85355159310143	31.701256942414496	-61.458637825197314
-28.55890090616779	31.365097924583456	-62.3209587839813
-27.433498976907337	30.035077462730197	-62.130955860859395
-24.729611224788073	28.29581993569132	-63.15404852382345
-21.90879859690149	27.608886290558317	-62.920198772288806
-19.117217187956737	26.6150248465361	-62.8178895059924
-15.594855305466238	25.986553639286758	-62.42326805027769
-12.700964630225082	25.3434668225665	-61.40017538731365
-10.157848582285881	25.665010230926626	-61.677871967261034
-7.176264250219234	26.980415083308973	-61.10786319789535
-5.7731657410114	28.310435545162232	-61.28325051154633
-4.589301373867291	29.216603332358957	-60.17246419175679
-2.791581408944753	31.17509500146156	-59.9824612686349
-1.3592516807950892	32.53434668225665	-60.20169541069863
0.40923706518561825	33.77667348728442	-59.777842736042096
1.0230926629640456	34.71207249342297	-58.5062847120725
2.5431160479391988	36.07132417421807	-58.47705349313066
2.4408067816427943	37.79596609178603	-59.587839812920194
3.259280912014031	39.68137971353406	-58.37474422683427
2.981584332066647	42.896813797135344	-58.59397836889798
2.119263373282666	47.047646886875185	-58.19935691318327
1.0377082724349607	51.19847997661503	-58.433206664717915
-0.08769365682548962	55.7731657410114	-56.752411575562704
-0.2776965799473838	58.944752996199945	-55.37854428529669
-1.3300204618532592	62.65711780181233	-53.63928675825782
-2.835428237357498	65.39023677287344	-52.1631102016954
-3.770827243496054	68.32797427652733	-51.30078924291143
-4.6039169833382045	71.3241742180649	-49.09383221280327
-5.261619409529377	73.53113124817305	-47.33995907629348
-6.021631102016954	76.29348143817597	-45.39608301666179
-7.249342297573809	77.56503946214556	-43.729903536977496
-8.564747149956153	79.07044723764982	-42.20988015200234
-9.982461268634903	81.65741011400175	-39.98830751242327
-11.414790996784566	83.3674364220988	-38.95059923998831
-13.02250803858521	83.87898275358083	-36.77287342882198
-14.191756796258403	85.92516807950892	-35.603624671148786
-16.442560654779303	86.75825781935107	-33.51359251680795
-18.24028061970184	88.02981584332066	-31.920491084478225
-19.97953814674072	88.35135925168079	-30.298158433206662
-22.4057293189126	89.31598947676119	-29.99123063431745
-25.32885121309559	89.30137386729027	-28.705057000876938
-27.667348728441976	88.97983045893014	-28.076585793627594
-30.532008184741304	86.12978661210173	-26.775796550716162
-32.782812043262204	88.62905583162818	-26.088862905583166
-36.27594270681087	87.43057585501316	-25.884244372990356
-38.30751242326805	86.80210464776381	-26.118094124524994
-38.78982753580824	86.07132417421806	-28.29581993569132
-38.01520023384975	85.67670271850336	-28.427360420929553
-37.70827243496054	84.82899736919029	-29.903536977491964
-37.562116340251386	84.66822566501023	-28.734288219818765
-36.84595147617656	85.28208126278865	-27.301958491669104
-36.29055831628179	87.40134463607131	-24.978076585793627
-34.78515054077755	87.78135048231512	-19.234142063724057
-34.1566793335282	89.37445191464484	-21.031862028646593
-32.563577901198485	90.3975445776089	-18.722595732242034
-31.32125109617071	91.5960245542239	-17.071031862028647
-30.34200526161941	92.23911137094417	-16.164864074831918
-29.114294066062556	92.6629640456007	-14.600993861444023
-28.778135048231512	92.57527038877521	-14.425606547793043
-27.360420929552763	93.90529085062848	-14.337912890967552
-26.731949722303423	93.61297866121018	-13.811750950014615
-25.197310727857353	93.81759719380298	-12.379421221864952
-24.232680502776965	94.25606547793043	-10.157848582285881
-22.990353697749196	94.24144986845951	-9.35399006138556
-21.631102016954106	94.38760596316867	-8.520900321543408
-20.622624963460975	94.24144986845951	-6.913183279742766
-19.438760596316868	94.75299619994153	-5.4077755042385265
-17.3194972230342	93.86144402221572	-2.5431160479391988
-17.11487869044139	94.12452499269219	-1.169248757673195
-15.09792458345513	93.49605378544285	0.482315112540193
-13.94329143525285	93.10143232972815	1.1838643671441098
-11.590178310435546	92.19526454253142	4.048523823443437
-11.69248757673195	93.05758550131542	5.290850628471207
-10.36246711487869	91.47909967845659	7.07395498392283
-10.347851505407775	90.58754750073078	8.579362759427068
-9.558608593978368	90.07600116924876	10.464776381175096
-8.389359836305173	89.1406021631102	11.780181233557439
-6.547793042969892	88.4536685179772	13.680210464776382
-7.088570593393745	86.69979538146741	16.077170418006432
-6.007015492546039	85.92516807950892	18.09412452499269
-5.057000876936568	84.4489915229465	21.762642502192342
-4.735457468576439	81.02893890675242	24.3642209880152
-3.990061385559778	79.85969014907923	26.731949722303423
-3.49313066354867	77.22888044431453	29.8450745396083
-3.1862028646594562	71.47033031277404	31.102016954106986
-1.8415667933352822	72.42034492838351	32.73896521484946
-2.2361882490499854	70.33031277404268	34.522069570301085
-0.38000584624378836	68.02104647763811	35.676702718503364
-0.3653902367728734	64.2794504530839	37.635194387605964
1.4030985092078339	60.62554808535516	38.57059339374452
1.4469453376205788	57.43934522069571	38.95059923998831
2.8061970184156677	51.30078924291143	38.994446068401054
5.422391113709442	47.48611517100263	38.61444022215726
5.817012569424145	41.61064016369483	37.912890967553345
6.971645717626425	36.2028646594563	36.07132417421807
7.4539608301666185	32.358959368605674	34.770534931306635
6.840105232388191	27.37503653902368	33.20666471791874
6.474714995615318	23.896521484945925	32.329728149663836
5.013154048523823	19.672610347851503	29.99123063431745
3.273896521484946	16.647179187372114	29.01198479976615
1.140017538731365	13.270973399590764	27.8865828705057
-0.9938614440222158	10.669394913767904	26.235019000292315
-3.215434083601286	8.22858813212511	24.437299035369776
-5.217772581116632	6.6939491376790405	23.61882490499854
-7.6147325343466825	4.969307220111078	22.551885413621747
-9.178602747734582	3.6392867582578194	20.856474714995617
-11.195556854720841	2.104647763811751	20.24261911721719
-11.63402513884829	1.4469453376205788	18.8833674364221
-13.870213387898275	0.3215434083601286	17.670271850336157
-15.565624086524407	-0.4969307220111079	16.734872844197604
-16.76410406313943	-1.140017538731365	15.0686933645133
-17.889505992399883	-2.0315697164571764	13.314820228003507
-18.664133294358376	-1.885413621748027	11.166325635779012
-20.16954106986261	-2.9085062847120726	11.034785150540777
-20.783396667641043	-2.9377375036539024	10.2747734580532
-21.294942999123062	-3.6831335866705643	8.652440806781643
-21.265711780181235	-3.49313066354867	7.6585793627594265
-22.25957322420345	-3.7854428529669684	6.123940368313359
-23.61882490499854	-3.916983338205203	5.583162817889506
-23.867290266004094	-4.370067231803566	5.320081847413037
-26.10347851505408	-4.019292604501608	4.837766734872844
-26.64425606547793	-4.033908213972523	3.6392867582578194
-27.214264834843615	-4.954691610640164	3.303127740426776
-27.404267757965506	-5.144694533762058	1.651563870213388
-26.483484361297865	-5.2470038000584625	2.4554223911137094
-26.6150248465361	-5.100847705349313	1.169248757673195
-26.337328266588717	-5.553931598947677	-0.7892429114294066
-25.89885998246127	-6.197018415667934	-1.0230926629640456
-25.95732242034493	-5.714703303127741	-2.33849751534639
-26.96579947383806	-5.510084770534932	-4.486992107570885
-26.19117217187957	-6.03624671148787	-4.940076001169249
-26.14732534346682	-5.977784273604209	-6.182402806197018
-25.211926337328265	-5.91932183572055	-6.182402806197018
-25.6357790119848	-6.182402806197018	-6.98626132709734
-26.278865828705054	-6.153171587255189	-7.600116924875768
-26.059631686641332	-6.825489622917276	-8.871674948845367
-26.55656240865244	-7.439345220695703	-9.105524700380005
-26.366559485530544	-7.629348143817598	-10.742472961122479
-25.416544869921076	-7.7755042385267465	-12.481730488161356
-24.3642209880152	-8.067816427945045	-13.70944168371821
-23.50190002923122	-7.99473838059047	-15.0686933645133
-22.274188833674362	-7.965507161648641	-15.0686933645133
-21.85033615901783	-8.37474422683426	-17.01256942414499
-21.002630809704765	-8.798596901490791	-17.451037708272434
-20.125694241449867	-8.754750073078048	-17.37795966091786
-19.497223034200527	-8.754750073078048	-17.91873721134171
-19.321835720549547	-8.520900321543408	-18.12335574393452
-19.39491376790412	-8.403975445776089	-17.977199649225373
-19.5703010815551	-8.579362759427068	-18.488745980707396
-18.327974276527332	-8.550131540485237	-17.72873428821982
-16.881028938906752	-8.433206664717918	-18.196433791289095
-16.442560654779303	-8.360128617363344	-17.874890382928967
-15.667933352820812	-8.623209587839813	-17.699503069277988
-14.615609470914936	-7.848582285881321	-18.357205495469163
-14.513300204618531	-8.170125694241449	-19.5703010815551
-15.083308973984217	-8.418591055247004	-19.716457176264253
-15.594855305466238	-7.848582285881321	-19.760304004676996
-17.20257234726688	-7.760888629055832	-18.62028646594563
-17.889505992399883	-8.0239695995323	-19.00029231218942
-20.403390821397252	-8.710903244665303	-18.196433791289095
-23.940368313358668	-8.345513007892428	-20.081847413037124
-25.60654779304297	-8.257819351066939	-20.023384975153462
-26.775796550716162	-8.140894475299621	-19.497223034200527
-29.37737503653902	-6.883952060800935	-21.221864951768488
-31.306635486699797	-6.664717918737212	-22.361882490499855
-32.69511838643672	-6.270096463022508	-21.236480561239404
-35.42823735749781	-5.173925752703887	-23.03420052616194
-37.313650979245836	-4.4431452791581405	-24.115755627009648
-39.31598947676118	-2.7769657994738384	-24.33498976907337
-41.362174802689275	-1.4323297281496639	-26.059631686641332
-43.13066354866998	0.33615901783104357	-26.541946799181527
-45.659163987138264	2.192341420637241	-28.076585793627594
-46.65302543116048	3.960830166617948	-28.339666764104066
-49.049985384390524	5.042385267465653	-28.076585793627594
-51.25694241449869	7.088570593393745	-27.798889213680212
-53.34697456883952	8.827828120432622	-27.813504823151124
-54.472376498099976	11.239403683133586	-26.93656825489623
-56.31394329143525	13.490207541654486	-26.600409237065186
-58.111663256357794	14.425606547793043	-25.460391698333822
-58.988599824612685	16.208710903244665	-24.68576439637533
-60.28938906752411	18.62028646594563	-23.35574393452207
-61.59017831043555	20.301081555100847	-22.537269804150835
-62.97866121017246	22.157263957907045	-20.81262788658287
-64.41099093832213	23.61882490499854	-21.55802396959953
-64.84945922244958	25.57731657410114	-20.00876936568255
-66.4425606547793	27.901198479976614	-19.131832797427652
-66.98333820520315	29.1581408944753	-18.50336159017831
-67.29026600409237	31.072785735165155	-17.436422098801522
-67.49488453668519	32.0958783981292	-17.173341128325053
-66.48640748319204	33.08973984215142	-15.98947676118094
-67.94796843028354	33.995907629348146	-14.600993861444023
-67.88950599239988	34.71207249342297	-13.870213387898275
-69.16106401636948	35.954399298450745	-11.882490499853844
-69.58491669102601	38.117509500146156	-10.143232972814967
-69.08798596901491	39.40368313358667	-8.360128617363344
-68.76644256065478	40.82139725226542	-5.583162817889506
-68.73721134171295	41.888336743642206	-3.741596024554224
-68.45951476176556	43.86144402221573	-0.8477053493130663
-68.64951768488746	45.162233265127156	2.6892721426483486
-67.97719964922537	45.64454837766735	5.349313066354867
-67.12949429991231	47.14995615317159	9.660917860274774
-65.77024261911721	48.18766442560655	11.195556854720841
-65.14177141186788	49.283835135925166	14.790996784565916
-63.73867290266004	49.7076878105817	16.57410114001754
-62.14557147033031	50.584624378836594	19.818766442560655
-60.698626132709734	51.34463607132418	22.508038585209004
-59.17860274773458	51.11078631978954	24.890382928968137
-57.83396667641041	51.6661794796843	27.11195556854721
-56.08009353990061	51.81233557439345	28.60274773458053
-54.64776381175095	51.62233265127156	31.0143232972815
-53.43466822566501	51.21309558608594	32.0958783981292
-52.09003215434084	51.60771704180064	33.87898275358082
-50.23384975153464	51.25694241449869	35.10669394913768
-48.99152294650687	50.59923998830751	36.18824904998538
-46.68225665010231	49.809997076878105	37.839812920198774
-45.264542531423565	49.50306927798889	39.52060800935399
-43.525285004384685	49.780765857936274	40.44139140602163
-42.268342589886	48.3338205203157	40.96755334697457
-41.362174802689275	47.83688979830459	41.961414790996784
-39.50599239988308	46.75533469745689	42.10757088570594
-38.96521484945922	45.36685179771997	42.70681087401344
-37.50365390236773	45.07453960830167	44.10990938322128
-35.779011984799766	45.80532008184741	45.04530838935983
-34.28821981876644	45.863782519731075	44.98684595147618
-32.87050570008769	46.33148202280035	45.615317158725524
-30.91201403098509	48.3338205203157	45.834551300789244
-29.53814674071909	47.76381175095001	45.84916691026016
-27.974276527331188	49.15229465068693	46.463022508038584
-26.49809997076878	49.48845366851798	45.99532300496931
-25.48962291727565	49.181525869628764	47.14995615317159
-23.80882782812043	49.780765857936274	47.018415667933354
-22.537269804150835	48.626132709733994	46.7699503069278
-21.178018123355745	49.663840982168956	46.55071616486408
-19.672610347851503	48.87459807073955	47.61765565624086
-18.693364513300203	48.56767027185034	46.37532885121309
-17.129494299912306	48.39228295819936	46.90149079216604
-16.13563285589009	47.57380882782812	46.17071031862029
-14.162525577316574	48.12920198772289	46.22917275650394
-12.452499269219526	48.450745396083015	45.62993276819643
-10.698626132709734	48.26074247296112	45.45454545454545
-9.41245249926922	48.77228880444315	45.615317158725524
-7.600116924875768	49.15229465068693	45.08915521777258
-7.6147325343466825	49.181525869628764	44.44606840105232
-6.664717918737212	51.34463607132418	43.67144109909383
-5.057000876936568	52.499269219526454	42.48757673194972
-4.004676995030692	53.85852090032154	41.49371528792751
-1.900029231218942	56.255480853551596	40.16369482607425
1.4615609470914936	58.55013154048524	38.01520023384975
4.881613563285589	59.41245249926922	35.45746857643964
6.635486699795382	61.034785150540785	32.329728149663836
10.216311020169542	61.19555685472085	28.851213095586086
12.61327097339959	63.15404852382345	24.53960830166618
14.03098509207834	63.92867582578193	20.87109032446653
15.624086524408067	63.110201695410694	18.12335574393452
16.778719672610347	64.42560654779305	13.884828997369189
17.626425021923414	65.65331774334989	10.742472961122479
19.190295235311314	65.56562408652441	7.293189125986553
18.605670856474717	66.95410698626134	4.340836012861737
19.00029231218942	67.08564747149957	2.6308097047646886
19.321835720549547	67.4218064893306	0.7453960830166617
20.052616194095293	68.76644256065478	-1.5638702133878981
19.30722011107863	67.7141186787489	-3.1423560362467113
19.26337328266589	67.46565331774335	-3.7269804150833092
18.44489915229465	68.0064308681672	-4.823151125401929
18.985676702718504	68.1964337912891	-5.320081847413037
19.467991815258696	67.31949722303419	-5.7731657410114
19.716457176264253	67.67027185033616	-7.351651563870214
19.39491376790412	67.40719087985968	-8.272434960537854
18.85413621748027	69.02952353113125	-10.260157848582285
17.96258403975446	70.11107863197896	-12.189418298743057
16.9248757673195	70.82724349605378	-14.250219234142063
16.03332358959369	71.98187664425608	-18.152586962876352
13.97252265419468	73.75036539023677	-21.777258111663254
11.63402513884829	74.7588424437299	-24.74422683425899
8.886290558316281	74.9488453668518	-29.07044723764981
7.205495469161064	75.84039754457761	-32.329728149663836
4.004676995030692	75.84039754457761	-36.159017831043556
0.482315112540193	75.32885121309559	-40.806781642794505
-1.9877228880444315	74.02806197018415	-43.75913475591932
-4.837766734872844	73.1803566208711	-46.214557147033034
-7.702426191172172	71.39725226541947	-49.780765857936274
-10.42092955276235	69.59953230049693	-52.075416544869924
-13.037123648056124	68.05027769657995	-54.03390821397252
-16.25255773165741	66.07717041800643	-56.050862320958785
-19.48260742472961	64.3817597193803	-57.70242619117217
-22.654194679918152	62.014030985092084	-58.97398421514177
-26.49809997076878	59.953230049693076	-59.79245834551301
-28.997369190295235	58.22858813212511	-60.08477053493131
-31.803566208710905	55.36392867582578	-60.83016661794797
-32.958199356913184	54.063139432914355	-60.523238819058754
-34.85822858813212	51.68079508915522	-60.143232972814964
-36.7874890382929	49.26921952645426	-60.83016661794797
-37.25518854136218	46.78456591639871	-60.28938906752411
-37.313650979245836	43.48143817597194	-60.62554808535516
-37.386729026600406	42.56065477930429	-60.01169248757673
-37.89827535808244	40.61677871967261	-60.05553931598948
-37.98596901490792	39.12598655363929	-59.923998830751245
-36.758257819351066	37.138263665594856	-59.52937737503654
-37.079801227711194	36.23209587839813	-60.53785442852967
-35.63285589009062	35.077462730195855	-59.60245542239111
-35.09207833966676	34.75591932183572	-60.143232972814964
-34.65361005553931	33.10435545162233	-60.28938906752411
-34.346682256650105	32.212803273896526	-60.77170418006431
-34.33206664717919	30.4296989184449	-60.01169248757673
-33.98129201987723	28.64659456299328	-60.18707980122772
-33.70359543992984	27.08272434960538	-60.15784858228588
-32.06664717918738	26.366559485530544	-61.09324758842444
-31.29201987722888	25.89885998246127	-61.38555977784274
-30.473545746857646	25.60654779304297	-61.634025138848294
-28.89505992399883	26.9073370359544	-61.72171879567377
-27.37503653902368	29.055831628178897	-63.24174218064893
-26.790412160187078	30.25431160479392	-63.88482899736919
-24.77345805320082	30.780473545746855	-63.446360713241745
-24.13037123648056	31.77433498976907	-64.2794504530839
-22.71265711780181	32.636655948553056	-65.15638702133879
-21.36802104647764	33.9520608009354	-65.12715580239697
-19.146448406898568	35.852090032154344	-64.74714995615317
-16.237942122186492	37.67904121601871	-64.2794504530839
-13.08097047646887	40.660625548085356	-64.33791289096756
-9.5878398129202	42.268342589886	-63.943291435252846
-5.276235019000293	44.44606840105232	-61.69248757673195
-1.4615609470914936	45.62993276819643	-59.441683718211046
2.4408067816427943	45.4983922829582	-57.1470330312774
5.495469161064016	45.32300496930722	-55.80239695995323
8.740134463607133	43.36451330020462	-53.610055539315994
11.020169541069864	42.60450160771704	-51.2715580239696
13.680210464776382	41.06986261327098	-48.903829289681376
15.536392867582578	40.07600116924876	-45.615317158725524
18.21104940076001	38.30751242326805	-42.8529669687226
19.97953814674072	36.68517977199649	-40.48523823443438
21.397252265419468	35.676702718503364	-37.664425606547795
22.8003507746273	33.87898275358082	-35.501315404852384
23.750365390236773	32.212803273896526	-32.154340836012864
24.714995615317157	30.619701841566794	-29.435837474422684
25.13884828997369	29.7427652733119	-26.951183864367145
25.109617071031863	28.06197018415668	-24.451914644840688
25.095001461560944	26.483484361297865	-22.771119555685473
25.504238526746565	25.6357790119848	-19.672610347851503
25.796550716164862	23.998830751242327	-17.29026600409237
26.235019000292315	24.437299035369776	-15.916398713826366
27.41888336743642	23.545746857643966	-13.504823151125404
27.141186787489037	23.487284419760304	-11.034785150540777
25.065770242619116	20.8418591055247	-7.804735457468577
23.80882782812043	19.39491376790412	-4.545454545454546
22.741888336743642	17.72873428821982	-0.7600116924875767
20.72493422975738	14.615609470914936	1.6807950891552177
15.27331189710611	12.920198772288805	5.057000876936568
15.799473838059047	10.698626132709734	7.205495469161064
12.423268050277697	7.819351066939491	8.667056416252558
8.009353990061385	5.83162817889506	10.62554808535516
3.0838935983630518	3.0254311604793918	10.888629055831627
-1.3300204618532592	0.8330897398421515	12.496346097632271
-5.013154048523823	-1.169248757673195	12.949429991230636
-10.786319789535224	-2.5431160479391988	12.101724641917567
-16.22332651271558	-2.572347266881029	12.510961707103185
-20.710318620286465	-3.712364805612394	12.174802689272141
-26.55656240865244	-2.791581408944753	11.064016369482607
-31.598947676118094	-1.651563870213388	11.370944168371821
-36.582870505700086	-0.40923706518561825	9.295527623501899
-42.414498684595145	2.2215726395790703	7.234726688102894
-47.36919029523531	4.370067231803566	4.326220403390821
-50.570008769365685	6.971645717626425	-0.7600116924875767
-54.42852966968723	8.710903244665303	-3.1423560362467113
-56.1677871967261	10.040923706518562	-7.249342297573809
-57.67319497223035	11.560947091493716	-13.753288512130958
-57.24934229757381	11.72171879567378	-16.501023092662965
-56.21163402513885	11.794796843028355	-23.078047354574686
-53.44928383513593	9.821689564454838	-29.39199064600994
-50.65770242619118	9.50014615609471	-33.52820812627886
-46.44840689856767	7.10318620286466	-35.26746565331774
-44.37299035369775	6.065477930429699	-35.910552470038
-46.41917567962584	8.433206664717918	-37.02133878982753
-46.594562993276824	8.19935691318328	-36.69979538146741
-47.17918737211342	10.09938614440222	-38.322128032738966
-49.26921952645426	12.408652440806781	-40.22215726395791
-49.79538146740719	12.715580239695996	-40.558316281788954
-51.30078924291143	19.161064016369483	-43.8322128032739
-52.73311897106109	24.203449283835134	-46.50686933645133
-53.785442852966966	32.54896229172756	-50.204618532592804
-51.91464484068986	39.28675825781935	-53.683133586670564
-47.23764980999708	41.69833382052032	-57.54165448699211
-43.29143525285004	43.23297281496639	-59.719380298158434
-38.38059047062263	43.55451622332651	-62.364805612394036
-34.28821981876644	41.72756503946214	-63.6948260742473
-31.043554516223328	38.83367436422099	-64.36714410990938
-28.29581993569132	33.39666764104064	-64.03098509207834
-29.7427652733119	27.214264834843615	-62.408652440806776
-33.192049108447826	26.980415083308973	-60.61093247588425
-37.16749488453669	24.641917567962583	-57.83396667641041
-40.96755334697457	25.9280912014031	-56.27009646302251
-44.299912306343174	31.102016954106986	-55.451622332651276
-44.82607424729611	34.22975738088278	-56.60625548085355
-46.141479099678456	39.622917275650394	-56.13855597778428
-47.42765273311897	48.7284419760304	-56.752411575562704
-47.939199064601	58.053200818474124	-51.88541362174802
-44.98684595147618	63.46097632271266	-52.499269219526454
-39.345220695703006	67.8164279450453	-52.74773458053201
-30.955860859397838	65.52177725811167	-57.410114001753875
-19.89184448991523	68.21104940076002	-52.6454253142356
-6.080093539900614	67.9041216018708	-53.083893598363055
4.165448699210757	60.74247296112247	-49.37152879275066
15.346389944460684	53.56620871090324	-41.581408944752994
21.748026892721427	44.913767904121606	-34.78515054077755
24.057293189125986	32.826658871674944	-28.690441391406026
25.387313650979248	25.25577316574101	-19.48260742472961
24.320374159602455	21.309558608593978	-7.804735457468577
20.18415667933353	16.45717626425022	5.057000876936568
12.423268050277697	14.469453376205788	18.006430868167204
-0.029231218941829874	12.247880736626717	25.796550716164862
-12.408652440806781	10.084770534931305	29.187372113417133
-23.98421514177141	9.748611517100263	27.316574101140016
-36.77287342882198	6.6501023092662965	18.196433791289095
-44.16837182110494	4.750073078047355	8.491669102601579
-47.79304296989185	3.449283835135925	-0.5407775504238527
-47.193802981584334	1.3592516807950892	-9.134755919321835
-47.31072785735165	1.651563870213388	-9.953230049693072
-49.210757088570595	3.6246711487869043	-14.703303127740428
-51.8561824028062	5.846243788365975	-16.60333235895937
-51.49079216603333	6.6501023092662965	-22.128032738965214
-51.81233557439345	9.880152002338498	-33.22128032738965
-52.17772581116633	10.874013446360713	-33.64513300204619
-51.22771119555686	14.162525577316574	-39.447529961999415
-48.976907337035954	16.997953814674073	-46.15609470914937
-47.00380005846244	18.517977199649224	-49.210757088570595
-45.4983922829582	23.15112540192926	-53.17158725518855
-46.843028354282374	28.178895059924	-55.10084770534931
-45.410698626132714	32.51973107278573	-57.84858228588132
-44.34375913475591	37.737503653902365	-59.04706226249634
-42.42911429406606	39.622917275650394	-59.923998830751245
-38.78982753580824	38.19058754750073	-62.48173048816136
-35.76439637532885	36.84595147617656	-63.417129494299914
-33.68897983045893	35.077462730195855	-63.84098216895645
-32.30049693072201	29.62584039754458	-62.964045600701546
-32.94358374744227	24.729611224788073	-60.8593978368898
-36.11517100263081	21.5287927506577	-58.37474422683427
-41.75679625840398	19.190295235311314	-54.03390821397252
-46.94533762057878	20.35954399298451	-49.181525869628764
-50.67231803566209	19.97953814674072	-45.6007015492546
-54.486992107570885	24.291142940660627	-44.03683133586671
-54.73545746857644	23.79421221864952	-43.642209880152
-50.964630225080384	23.224203449283834	-46.25840397544578
-49.839228295819936	21.484945922244957	-48.099970768781056
-46.243788365974865	21.031862028646593	-50.74539608301666
-44.679918152586964	20.651856182402806	-51.57848582285881
-43.174510377082726	18.459514761765565	-51.695410698626134
-41.17217187956738	16.881028938906752	-51.19847997661503
-40.58754750073078	15.624086524408067	-51.31540485238234
-41.011400175387315	14.980999707687811	-50.87693656825489
-43.71528792750658	19.774919614147908	-51.43232972814966
-47.76381175095001	29.435837474422684	-52.96696872259573
-49.16691026015785	42.39988307512424	-54.32622040339082
-48.479976615024846	49.912306343174514	-53.97544577608886
-44.782227418883366	59.441683718211046	-53.28851213095586
-39.21368021046477	68.81028938906752	-50.40923706518562
-35.64747149956153	73.15112540192926	-50.058462437883655
-26.980415083308973	77.17041800643086	-48.52382344343759
-15.024846536100556	81.43817597193804	-41.9760304004677
0.686933645133002	81.51125401929261	-35.66208710903245
9.529377375036539	73.04881613563285	-30.502776965799473
17.64104063139433	64.49868459514761	-24.086524408067817
24.320374159602455	53.87313650979246	-18.181818181818183
27.784273604209297	40.558316281788954	-15.828705057000878
26.76118094124525	25.562700964630224	-16.237942122186492
21.70418006430868	14.20637240572932	-17.11487869044139
16.281788950599243	6.357790119847998	-18.44489915229465
8.22858813212511	-0.1607717041800643	-21.031862028646593
1.7246419175679626	-4.516223326512716	-24.612686349020755
-6.197018415667934	-5.583162817889506	-28.92429114294066
-11.619409529377375	-6.357790119847998	-32.87050570008769
-18.152586962876352	-4.983922829581994	-36.46594562993277
-25.051154633148204	-2.835428237357498	-40.19292604501607
-29.201987722888045	-0.45308389359836304	-42.70681087401344
-30.80970476468869	0.7453960830166617	-43.45220695703011
-32.11049400760012	3.4638994446068403	-46.15609470914937
-29.698918444899153	2.2946506869336454	-45.7907044723765
-29.24583455130079	0.8038585209003215	-44.855305466237944
-30.532008184741304	1.636948260742473	-43.84682841274481
-31.16047939199065	4.106986261327098	-47.09149371528793
-32.84127448114587	3.8877521192633733	-44.44606840105232
-34.81438175971938	4.691610640163694	-44.504530838935985
-35.501315404852384	9.719380298158434	-49.29845074539608
-37.02133878982753	11.98479976615025	-51.06693949137679
-38.14674071908799	17.75796550716165	-54.67699503069278
-37.78135048231511	22.25957322420345	-57.1470330312774
-37.635194387605964	25.81116632563578	-58.74013446360713
-35.325928091201405	29.304296989184447	-61.458637825197314
-31.218941829874307	30.19584916691026	-62.26249634609763
-29.37737503653902	32.3881905875475	-63.870213387898275
-27.53580824320374	31.598947676118094	-64.2940660625548
-26.3227126571178	29.7427652733119	-64.61560947091493
-25.650394621455714	32.3881905875475	-65.33177433498977
-26.220403390821396	31.949722303420053	-64.74714995615317
-28.237357497807658	36.05670856474715	-65.24408067816428
-30.19584916691026	40.39754457760888	-64.82022800350775
-29.333528208126282	43.33528208126279	-65.59485530546624
-25.85501315404852	43.07220111078632	-65.53639286758258
-23.95498392282958	44.92838351359252	-65.7556270096463
-20.418006430868168	42.01987722888044	-65.36100555393159
-17.0271850336159	39.695995323004965	-65.20023384975153
-16.39871382636656	35.25285004384683	-64.79099678456592
-15.697164571762642	26.96579947383806	-62.97866121017246
-16.632563577901198	21.616486407483194	-61.70710318620286
-19.555685472084186	20.98801520023385	-61.51710026308097
-23.136509792458344	19.39491376790412	-59.64630225080386
-25.85501315404852	20.403390821397252	-59.52937737503654
-29.815843320666474	24.9488453668518	-61.40017538731365
-33.68897983045893	30.619701841566794	-61.60479391990646
-36.23209587839813	37.79596609178603	-61.86787489038292
-38.994446068401054	42.83835135925168	-60.62554808535516
-39.66676410406314	51.25694241449869	-59.42706810874013
-39.476761180941246	57.87781350482315	-57.234726688102896
-39.228295819935695	61.2540192926045	-56.577024261911724
-39.272142648348435	61.79479684302835	-55.84624378836598
-38.83367436422099	61.955568547208415	-56.28471207249343
-39.345220695703006	62.70096463022507	-55.20315697164572
-37.284419760304004	64.64484068985676	-54.75007307804736
-35.5159310143233	67.36334405144694	-54.720841859105526
-33.937445191464484	74.6565331774335	-51.57848582285881
-31.657410114001756	74.32037415960245	-49.912306343174514
-30.985092078339665	73.89652148494592	-51.02309266296404
-31.1166325635779	74.05729318912599	-50.204618532592804
-30.10815551008477	74.9488453668518	-50.014615609470916
-28.66121017246419	75.37269804150833	-49.29845074539608
-27.360420929552763	76.29348143817597	-49.40076001169248
-26.92195264542531	75.51885413621748	-49.356913183279744
-26.29348143817597	75.28500438468284	-50.23384975153464
-25.89885998246127	75.1388482899737	-50.84770534931307
-25.650394621455714	75.3434668225665	-51.28617363344051
-23.98421514177141	74.08652440806782	-51.43232972814966
-21.061093247588424	73.89652148494592	-52.148494592224495
-17.11487869044139	73.51651563870213	-51.84156679333528
-14.410990938322128	76.10347851505408	-49.06460099386145
-10.026308097047647	76.43963753288511	-46.243788365974865
-6.226249634609763	76.93656825489623	-43.642209880152
0.3946214557147033	76.49809997076879	-39.05290850628471
5.670856474714996	76.17655656240865	-34.22975738088278
12.174802689272141	74.15960245542239	-25.767319497223035
17.743349897690734	71.7187956737796	-16.691026015784857
19.760304004676996	69.78953522361883	-4.092370651856182
19.935691318327976	67.65565624086524	2.616194095293774
18.10874013446361	64.79099678456592	13.344051446945338
14.367144109909383	63.5048231511254	23.41420637240573
9.047062262496345	60.49400760011693	31.365097924583456
2.148494592224496	57.27857351651564	38.57059339374452
-3.9023677287342884	50.78924291142941	43.29143525285004
-10.947091493715288	45.162233265127156	45.24992692195264
-17.509500146156096	37.98596901490792	45.45454545454545
-22.391113709441683	32.782812043262204	43.58374744226835
-27.433498976907337	28.237357497807658	41.581408944752994
-32.65127155802397	25.913475591932183	38.61444022215726
-37.50365390236773	23.136509792458344	35.99824612686349
-42.31218941829874	20.34492838351359	30.166617947968433
-46.50686933645133	19.935691318327976	25.504238526746565
-51.00847705349313	18.415667933352818	20.578778135048232
-55.75855013154049	18.781058170125693	11.69248757673195
-60.81555100847705	22.31803566208711	8.608593978368898
-65.09792458345513	24.788073662671735	2.8792750657702424
-67.24641917567963	28.09120140309851	-2.8061970184156677
-68.89798304589301	32.081262788658286	-6.796258403975446
-70.31569716457177	37.25518854136218	-10.5670856474715
-71.10494007600117	42.15141771411868	-11.078631978953522
-71.47033031277404	46.93072201110786	-12.43788365974861
-71.04647763811751	54.76468868751827	-12.160187079801227
-69.08798596901491	62.364805612394036	-11.049400760011691
-65.18561824028062	72.17187956737796	-10.53785442852967
-55.977784273604215	83.61590178310435	-10.245542239111371
-42.50219234142064	92.04910844782226	-12.233265127155803
-29.289681379713535	94.8260742472961	-13.300204618532593
-16.267173341128323	93.1598947676118	-15.434083601286176
-1.929260450160772	86.8751826951184	-17.261034785150542
12.452499269219526	77.25811166325636	-18.547208418591055
23.048816135632855	59.76322712657118	-21.484945922244957
25.95732242034493	46.93072201110786	-23.633440514469452
25.89885998246127	35.8082432037416	-27.769657994738377
24.057293189125986	28.120432622040337	-31.64279450453084
21.236480561239404	20.856474714995617	-33.586670564162524
18.70798012277112	16.691026015784857	-34.741303712364804
16.895644548377668	14.17714118678749	-33.32358959368606
14.674071908798597	9.383221280327389	-30.86816720257235
13.110201695410698	5.65624086524408	-27.491961414790993
11.356328558900906	3.9462145571470333	-24.115755627009648
8.871674948845367	0.7307804735457468	-19.409529377375037
5.904706226249635	-2.6454253142356037	-14.20637240572932
5.583162817889506	-2.2508038585209005	-15.346389944460684
5.466237942122187	-2.0754165448699213	-13.70944168371821
3.507746273019585	-3.49313066354867	-12.510961707103185
2.7038877521192632	-4.545454545454546	-11.590178310435546
3.3615901783104354	-3.332358959368606	-12.496346097632271
5.0862320958783975	-2.572347266881029	-12.759427068108739
6.109324758842444	-1.9438760596316866	-14.352528500438469
7.16164864074832	-1.2423268050277696	-14.352528500438469
8.433206664717918	-0.2776965799473838	-14.264834843612977
8.491669102601579	0.935399006138556	-13.56328558900906
10.391698333820521	1.885413621748027	-13.7971353405437
11.370944168371821	3.2008184741303713	-14.410990938322128
12.43788365974861	4.180064308681672	-16.48640748319205
13.124817304881613	6.080093539900614	-17.14410990938322
13.811750950014615	7.030108155510084	-19.424144986845953
13.987138263665594	8.550131540485237	-21.587255188541363
13.358667056416252	9.076293481438176	-23.691902952353114
13.183279742765272	9.23706518561824	-26.76118094124525
12.262496346097631	10.36246711487869	-30.35662087109032
11.853259280912013	13.344051446945338	-34.88745980707396
9.456299327681965	17.304881613563285	-42.31218941829874
4.253142356036247	25.94270681087401	-50.496930722011115
2.747734580532008	34.78515054077755	-55.58316281788951
-7.307804735457468	43.89067524115756	-60.83016661794797
-20.783396667641043	53.127740426775794	-61.40017538731365
-32.958199356913184	59.47091493715288	-57.556270096463024
-43.23297281496639	61.72171879567377	-52.572347266881025
-50.67231803566209	63.76790412160187	-44.21221864951769
-56.67933352820813	66.54486992107572	-36.68517977199649
-61.60479391990646	66.10640163694826	-28.588132125109617
-63.88482899736919	65.34638994446068	-21.967261034785153
-65.18561824028062	64.58637825197312	-15.244080678164279
-66.3402513884829	63.40251388482899	-9.470914937152878
-66.99795381467408	62.86173633440515	-4.910844782227419
-66.3548669979538	61.7363344051447	0.20461853259280913
-66.83718211049401	59.47091493715288	4.004676995030692
-66.01870798012277	58.14089447529962	7.249342297573809
-64.6740719087986	56.63548669979538	10.77170418006431
-64.07483192049108	56.28471207249343	12.452499269219526
-63.05173925752704	55.37854428529669	15.419467991815258
-62.75942706810874	54.7939199064601	16.83718211049401
-61.79479684302835	54.23852674656533	18.10874013446361
-60.81555100847705	52.17772581116633	20.92955276235019
-59.573224203449286	49.37152879275066	22.97573808827828
-58.21397252265419	46.06840105232388	25.13884828997369
-56.401636948260744	41.961414790996784	27.47734580532008
-54.04852382344344	37.24057293189126	29.143525285004383
-51.8561824028062	34.33206664717919	28.982753580824323
-49.69307220111079	30.488161356328558	29.348143817597194
-46.638409821689564	25.884244372990356	28.675825781935103
-44.299912306343174	22.040339082139727	28.968137971353407
-41.74218064893306	20.34492838351359	28.515054077755043
-38.395206080093544	16.647179187372114	27.974276527331188
-36.45133002046185	15.361005553931598	27.448114586378253
-35.45746857643964	14.118678748903829	27.491961414790993
-34.171294942999126	12.67173341128325	26.585793627594274
-33.77667348728442	11.780181233557439	24.9488453668518
-34.27360420929553	10.552470038000585	23.428821981876645
-33.966676410406315	9.163987138263666	22.917275650394622
-34.6389944460684	8.301666179479685	20.578778135048232
-36.31978953522362	7.702426191172172	18.82490499853844
-39.40368313358667	8.11166325635779	17.81642794504531
-41.40602163110202	8.301666179479685	16.676410406313945
-44.97223034200526	8.754750073078048	14.907921660333237
-48.1438175971938	10.727857351651563	14.674071908798597
-51.33002046185325	12.90558316281789	14.14790996784566
-54.296989184449	15.010230926629639	12.832505115463313
-57.936275942706814	18.781058170125693	13.183279742765272
-60.62554808535516	23.06343174510377	12.145571470330314
-62.30634317451038	26.468868751826953	12.934814381759718
-64.95176848874597	33.80590470622625	14.674071908798597
-66.2379421221865	40.38292896813797	14.527915814089448
-66.74948845366852	47.07687810581701	15.21484945922245
-65.98947676118094	51.60771704180064	15.565624086524407
-64.20637240572931	57.89242911429406	17.275650394621454
-62.84712072493422	63.7971353405437	17.524115755627008
-61.078631978953524	68.79567377959661	17.246419175679627
-58.12627886582871	73.72113417129495	16.954106986261326
-55.261619409529374	78.32505115463316	15.960245542239113
-51.140017538731364	83.77667348728441	13.475591932183573
-44.97223034200526	88.33674364220988	9.807073954983924
-38.643671441099094	92.19526454253142	5.612394036831335
-32.12510961707103	94.3145279158141	0.9792458345513008
-25.401929260450164	95.03069277988892	-5.115463314820228
-17.91873721134171	93.99298450745395	-10.523238819058754
-11.283250511546331	91.93218357205495	-15.229465068693365
-3.800058462437884	87.3721134171295	-20.885705933937444
1.9438760596316866	83.29435837474422	-24.74422683425899
6.752411575562702	79.09967845659163	-28.14966384098217
9.193218357205495	74.83192049108447	-30.736626717334115
11.648640748319206	72.53726980415082	-32.607424729611225
12.145571470330314	70.14030985092077	-32.885121309558606
11.341712949429992	70.85647471499561	-32.79742765273312
10.874013446360713	72.31803566208711	-33.11897106109325
10.2747734580532	72.93189125986554	-31.84741303712365
9.733995907629348	73.4872844197603	-30.780473545746855
9.690149079216603	73.50190002923121	-30.85355159310143
12.8178895059924	69.9649225372698	-32.461268634902076
15.653317743349898	64.26483484361299	-34.46360713241742
17.874890382928967	58.47705349313066	-36.80210464776381
19.26337328266589	50.891552177725806	-38.40982168956445
19.584916691026017	44.79684302835428	-41.40602163110202
17.524115755627008	42.063724057293186	-44.44606840105232
14.937152879275065	39.28675825781935	-46.72610347851505
12.759427068108739	37.942122186495176	-49.605378544285294
11.824028061970184	38.4536685179772	-51.49079216603333
7.848582285881321	39.28675825781935	-53.87313650979246
4.7939199064601	38.877521192633736	-55.86085939783689
3.507746273019585	40.68985676702718	-56.91318327974276
0.3069277988892137	44.548377667348724	-57.76088862905583
-2.046185325928091	46.15609470914937	-58.55013154048524
-3.931598947676118	50.13154048523823	-58.97398421514177
-7.351651563870214	56.24086524408067	-58.34551300789242
-10.026308097047647	61.69248757673195	-57.27857351651564
-16.077170418006432	72.91727565039461	-51.25694241449869
-24.466530254311607	80.66354866997953	-42.999123063431746
-31.43817597193803	86.71441099093832	-32.65127155802397
-39.56445483776673	89.76907337035954	-17.977199649225373
-43.15989476761181	90.03215434083602	-8.506284712072494
-45.01607717041801	88.17597193802982	4.223911137094417
-47.047646886875185	83.22128032738966	16.895644548377668
-45.00146156094709	78.60274773458053	24.641917567962583
-44.06606255480854	71.6311020169541	32.51973107278573
-43.02835428237358	64.86407483192049	36.77287342882198
-41.04063139432914	58.433206664717915	40.353697749196144
-40.44139140602163	53.24466530254311	40.879859690149075
-42.48757673194972	47.17918737211342	40.16369482607425
-43.379128909675536	41.31832797427653	38.21981876644256
-45.98070739549839	35.121309558608594	34.75591932183572
-48.699210757088565	30.70739549839228	31.496638409821692
-51.38848289973692	26.001169248757673	25.518854136217477
-52.74773458053201	22.46419175679626	18.722595732242034
-54.64776381175095	20.90032154340836	13.987138263665594
-56.27009646302251	19.994153756211634	10.435545162233264
-57.3370359543993	19.701841566793334	7.410114001753873
-57.92166033323589	19.555685472084186	4.399298450745396
-59.4855305466238	20.739549839228296	0.7015492546039169
-61.005553931598946	22.274188833674362	-2.7185033615901784
-63.32943583747442	25.504238526746565	-4.6039169833382045
-65.02484653610055	31.306635486699797	-3.8877521192633733
-66.28178895059924	33.63051739257527	-2.046185325928091
-68.64951768488746	38.17597193802982	-1.9731072785735166
-69.19029523531131	42.03449283835136	-1.6807950891552177
-69.48260742472961	45.103770827243494	-2.177725811166326
-69.5703010815551	48.0415083308974	-1.7684887459807075
-69.68722595732243	51.72464191756796	-0.24846536100555394
-69.8626132709734	54.5016077170418	2.2508038585209005
-68.15258696287636	56.48933060508623	5.057000876936568
-67.7141186787489	59.222449576147326	9.047062262496345
-65.91639871382637	60.15784858228588	12.510961707103185
-64.54253142356036	60.4647763811751	15.872551885413621
-63.417129494299914	61.10786319789535	18.53259280912014
-61.66325635779012	59.441683718211046	22.551885413621747
-60.479391990646015	57.11780181233558	24.53960830166618
-59.777842736042096	57.67319497223035	26.629640456007014
-59.543992984507454	56.927798889213676	26.688102893890676
-60.333235895936866	59.80707395498393	25.22654194679918
-59.66091786027478	65.44869921075708	24.188833674364222
-58.78398129201988	69.01490792166032	21.674948845366853
-58.36012861736335	71.6164864074832	18.941829874305757
-56.986261327097345	74.24729611224788	17.64104063139433
-53.71236480561239	78.42736042092955	17.100263080970475
-48.68459514761766	83.67436422098802	16.881028938906752
-43.51066939491377	86.24671148786905	15.901783104355452
-37.109032446653025	89.65214849459223	14.162525577316574
-33.04589301373868	90.29523531131248	12.101724641917567
-31.964337912890965	90.96755334697457	11.531715872551885
-31.43817597193803	92.06372405729319	8.170125694241449
-30.91201403098509	91.96141479099678	8.243203741596025
-31.84741303712365	91.82987430575855	6.635486699795382
-28.368897983045894	92.20988015200234	4.808535515931014
-25.197310727857353	93.52528500438468	2.6308097047646886
-21.178018123355745	93.11604793919906	0.8623209587839813
-16.22332651271558	92.73604209295527	-1.4761765565624088
-11.31248173048816	91.14294066062556	-2.820812627886583
-3.975445776088863	88.35135925168079	-4.720841859105525
5.583162817889506	82.46126863490207	-7.4539608301666185
11.63402513884829	75.82578193510669	-9.368605670856475
17.94796843028354	68.92721426483484	-11.385559777842737
21.499561531715873	63.110201695410694	-13.314820228003507
24.831920491084478	57.30780473545747	-14.790996784565916
28.383513592516806	52.77696579947384	-20.140309850920783
31.511254019292608	45.24992692195264	-25.16807950891552
32.826658871674944	34.68284127448115	-32.19818766442561
30.70739549839228	24.48114586378252	-34.60976322712657
20.257234726688104	11.370944168371821	-33.39666764104064
16.617947968430283	6.503946214557146	-27.404267757965506
11.707103186202865	5.6854720841859105	-20.096463022508036
9.310143232972814	5.904706226249635	-14.498684595147617
8.813212510961707	6.080093539900614	-14.104063139432915
6.942414498684594	4.004676995030692	-15.741011400175386
2.2215726395790703	-0.13154048523823444	-17.041800643086816
-3.4638994446068403	-2.966968722595732	-15.98947676118094
-10.070154925460391	-5.188541362174803	-13.724057293189126
-15.21484945922245	-6.562408652440807	-11.765565624086523
-20.1549254603917	-7.322420344928384	-8.491669102601579
-22.274188833674362	-7.030108155510084	-4.589301373867291
-24.86115171002631	-6.03624671148787	0.029231218941829874
-27.185033615901784	-5.188541362174803	3.712364805612394
-29.187372113417133	-3.8439052908506284	8.520900321543408
-30.31277404267758	-1.6807950891552177	11.458637825197311
-32.65127155802397	0.7307804735457468	15.33177433498977
-33.849751534639	2.2946506869336454	17.436422098801522
-33.87898275358082	3.653902367728734	19.365682548962294
-34.11283250511546	4.574685764396375	20.578778135048232
-33.849751534639	4.735457468576439	20.914937152879276
-31.1166325635779	3.5223618824905	20.768781058170124
-28.778135048231512	2.8061970184156677	20.885705933937444
-24.6565331774335	2.8938906752411575	22.49342297573809
-19.424144986845953	3.4638994446068403	23.998830751242327
-14.454837766734874	3.8292896813797133	25.095001461560944
-9.339374451914646	4.004676995030692	23.823443437591347
-4.53083893598363	5.700087693656825	23.852674656533175
-0.8038585209003215	6.401636948260743	23.3849751534639
3.215434083601286	7.234726688102894	20.564162525577316
7.600116924875768	8.301666179479685	18.459514761765565
9.368605670856475	6.737795966091786	13.519438760596318
11.180941245249928	5.91932183572055	7.936275942706811
13.811750950014615	6.021631102016954	0.3653902367728734
15.200233849751536	6.03624671148787	-6.284712072493423
17.0271850336159	8.886290558316281	-16.150248465361006
17.626425021923414	10.698626132709734	-24.59807073954984
13.840982168956446	10.68401052323882	-34.47822274188834
10.464776381175096	13.97252265419468	-44.56299327681965
3.6685179771996492	14.878690441391406	-50.86232095878398
-3.8439052908506284	16.881028938906752	-56.89856767027185
-12.61327097339959	17.684887459807076	-59.04706226249634
-22.771119555685473	20.432622040339083	-60.53785442852967
-32.358959368605674	23.560362467114878	-60.377082724349606
-41.888336743642206	26.10347851505408	-56.430868167202576
-49.16691026015785	28.29581993569132	-51.40309850920784
-55.39315989476761	29.713534054370065	-46.492253726980415
-60.12861736334405	31.496638409821692	-40.52908506284712
-63.32943583747442	32.11049400760012	-35.66208710903245
-65.30254311604794	32.44665302543116	-30.283542823735747
-67.04180064308682	33.25051154633148	-25.665010230926626
-68.06489330605086	34.346682256650105	-21.411867874890383
-69.23414206372406	35.501315404852384	-16.822566501023093
-70.0526161940953	36.26132709733996	-13.227126571178019
-70.38877521192633	37.82519731072786	-9.178602747734582
-70.91493715287928	39.49137679041216	-4.7939199064601
-70.14030985092077	40.14907921660333	-1.5492546039169834
-70.75416544869921	42.955276235019	1.666179479684303
-69.77491961414792	44.752996199941535	6.401636948260743
-69.073370359544	45.308389359836305	9.909383221280327
-67.37795966091787	48.36305173925753	12.993276819643379
-66.1356328558901	48.64074831920491	17.158725518854137
-64.79099678456592	49.92692195264542	19.716457176264253
-63.15404852382345	53.04004676995031	22.420344928383514
-59.32475884244373	55.919321835720545	26.65887167494885
-56.533177433498984	59.23706518561824	29.421221864951768
-52.981584332066646	63.40251388482899	30.181233557439345
-50.35077462730195	66.47179187372113	31.4089447529962
-46.38994446068401	70.30108155510085	31.496638409821692
-42.20988015200234	73.54574685764396	31.496638409821692
-39.18444899152295	76.46886875182695	30.502776965799473
-34.62437883659749	77.44811458637825	31.42356036246711
-30.80970476468869	76.46886875182695	33.747442268342596
-27.94504530838936	73.63344051446946	35.8082432037416
-24.320374159602455	69.29260450160771	39.0382928968138
-22.44957614732534	66.07717041800643	40.105232388190586
-19.234142063724057	61.76556562408653	42.04910844782228
-18.035662087109035	56.91318327974276	41.961414790996784
-16.48640748319205	51.549254603916985	42.50219234142064
-17.538731365097927	43.773750365390235	43.978368897983046
-18.722595732242034	39.18444899152295	43.10143232972815
-20.798012277111955	33.70359543992984	42.45834551300789
-24.48114586378252	26.20578778135048	39.695995323004965
-26.366559485530544	22.31803566208711	36.4951768488746
-31.335866705641624	17.64104063139433	33.20666471791874
-35.44285296696872	14.86407483192049	28.383513592516806
-39.622917275650394	13.329435837474424	24.188833674364222
-44.37299035369775	11.98479976615025	19.044139140602162
-47.193802981584334	11.414790996784566	13.344051446945338
-51.22771119555686	11.765565624086523	8.243203741596025
-54.04852382344344	12.262496346097631	3.040046769950307
-56.430868167202576	13.56328558900906	3.653902367728734
-60.420929552762345	16.471791873721134	-4.238526746565332
-62.56942414498684	18.47413037123648	-6.430868167202572
-65.93101432329728	24.817304881613563	-8.783981292019877
-68.51797719964922	30.70739549839228	-9.704764688687519
-70.12569424144986	36.99210757088571	-9.047062262496345
-70.90032154340837	46.02455422391113	-8.593978368897984
-70.53493130663549	52.06080093539901	-6.387021338789828
-69.19029523531131	59.45629932768196	-3.303127740426776
-65.68254896229173	68.05027769657995	0.7892429114294066
-61.82402806197018	74.52499269219527	3.8292896813797133
-56.38702133878982	79.81584332066647	7.90704472376498
-49.09383221280327	85.41362174802688	10.800935399006137
-40.96755334697457	88.93598363051738	13.139432914352527
-32.34434375913476	91.40602163110202	14.32329728149664
-23.18035662087109	91.47909967845659	13.08097047646887
-13.227126571178019	91.05524700380005	11.210172464191757
-3.1131248173048816	87.31365097924584	10.391698333820521
6.270096463022508	81.84741303712364	7.19087985969015
12.657117801812333	76.4250219234142	5.700087693656825
19.877228880444314	68.48874598070739	5.057000876936568
23.458053200818473	61.04940076001169	7.220111078631978
25.971938029815846	52.68927214264835	2.747734580532008
28.018123355743935	44.25606547793043	1.2277111955568547
27.550423852674655	37.95673779596609	0.6577024261911721
26.468868751826953	29.698918444899153	-0.686933645133002
25.9280912014031	25.051154633148204	-2.2361882490499854
24.87576731949722	21.864951768488748	-4.150833089739843
24.3642209880152	19.292604501607716	-5.480853551593102
24.013446360713242	18.10874013446361	-7.205495469161064
25.065770242619116	19.30722011107863	-6.86933645133002
25.051154633148204	20.271850336159016	-7.4539608301666185
26.059631686641332	22.49342297573809	-6.299327681964338
27.199649225372696	24.68576439637533	-4.253142356036247
26.717334112832503	25.051154633148204	-1.929260450160772
26.87810581701257	25.065770242619116	0.6577024261911721
26.20578778135048	25.13884828997369	3.7854428529669684
24.74422683425899	24.68576439637533	6.854720841859105
23.32651271558024	22.873428821981875	8.783981292019877
21.864951768488748	21.616486407483194	9.807073954983924
21.5287927506577	21.25109617071032	9.865536392867583
20.783396667641043	20.447237649809995	8.330897398421515
20.052616194095293	19.102601578485825	9.178602747734582
19.760304004676996	18.517977199649224	8.11166325635779
18.897983045893014	16.807950891552178	7.790119847997662
18.006430868167204	17.071031862028647	8.564747149956153
17.524115755627008	16.983338205203157	9.923998830751241
16.954106986261326	18.591055247003798	12.204033908213972
16.983338205203157	21.64571762642502	15.229465068693365
15.404852382344345	24.24729611224788	19.131832797427652
16.106401636948263	26.468868751826953	20.98801520023385
14.542531423560362	27.258111663256358	21.952645425314234
12.8178895059924	27.331189710610932	23.41420637240573
13.70944168371821	26.454253142356038	22.917275650394622
13.373282665887167	26.571178018123355	24.203449283835134
13.884828997369189	26.35194387605963	22.215726395790707
14.513300204618531	25.913475591932183	21.265711780181235
15.828705057000878	27.27272727272727	21.090324466530255
17.81642794504531	29.04121601870798	20.5495469161064
17.58257819351067	30.970476468868753	20.16954106986261
18.897983045893014	34.565916398713824	19.321835720549547
19.614147909967848	38.395206080093544	18.810289389067524
19.336451330020463	42.92604501607717	20.111078631978955
18.2987430575855	48.71382636655949	22.128032738965214
15.916398713826366	54.720841859105526	24.203449283835134
11.911721718795674	59.587839812920194	27.433498976907337
8.11166325635779	62.37942122186495	30.780473545746855
1.7977199649225375	64.86407483192049	34.361297866121014
-5.290850628471207	66.36948260742473	37.97135340543701
-11.268634902075418	65.56562408652441	39.87138263665595
-17.071031862028647	63.68021046477638	42.63373282665887
-21.674948845366853	59.07629348143818	44.16837182110494
-25.270388775211927	52.39695995323005	44.34375913475591
-27.608886290558317	49.634609763227125	45.39608301666179
-30.634317451037706	45.688395206080095	44.06606255480854
-31.87664425606548	41.75679625840398	42.867582578193506
-33.60128617363344	37.313650979245836	42.32680502776966
-33.893598363051744	35.31131248173049	40.79216603332359
-35.048231511254016	34.11283250511546	39.18444899152295
-34.55130078924291	33.1774334989769	39.1406021631102
-35.28208126278866	31.715872551885415	37.44519146448407
-37.44519146448407	30.239695995323007	35.676702718503364
-38.89213680210465	29.348143817597194	34.18591055247004
-39.59368605670856	28.778135048231512	32.27126571178018
-39.476761180941246	28.675825781935103	31.701256942414496
-35.852090032154344	30.86816720257235	34.565916398713824
-35.34054370067231	35.16515638702134	36.48056123940368
-36.17363344051447	40.92370651856182	38.40982168956445
-39.1406021631102	46.72610347851505	38.088278281204325
-41.94679918152587	51.9584916691026	37.25518854136218
-47.03303127740427	56.24086524408067	33.966676410406315
-52.28003507746273	58.535515931014324	30.049693072201112
-56.401636948260744	61.38555977784274	25.621163402513886
-58.95936860567086	62.8178895059924	21.280327389652147
-62.04326220403391	61.51710026308097	17.889505992399883
-64.14790996784566	60.78631978953523	14.878690441391406
-66.20871090324466	58.69628763519439	10.026308097047647
-68.66413329435838	56.533177433498984	7.410114001753873
-69.5703010815551	53.74159602455423	4.969307220111078
-70.34492838351359	51.037708272434955	2.6308097047646886
-70.84185910552469	47.14995615317159	0.8184741303712365
-71.04647763811751	42.955276235019	-2.8061970184156677
-70.19877228880445	38.68751826951184	-8.009353990061385
-70.0526161940953	33.747442268342596	-12.07249342297574
-68.91259865536394	30.239695995323007	-16.691026015784857
-67.04180064308682	26.41040631394329	-21.25109617071032
-64.1917567962584	21.4264834843613	-25.445776088862903
-60.24554223911137	16.413329435837472	-30.005846243788366
-55.261619409529374	11.911721718795674	-33.46974568839521
-50.540777550423854	9.032446653025431	-36.36363636363637
-44.38760596316867	6.021631102016954	-39.78368897983046
-38.95059923998831	5.042385267465653	-43.65682548962292
-32.72434960537854	4.092370651856182	-46.287635194387605
